0.0000000
2.7182818
5.4365637
8.1548455
10.8731273
13.5914091
16.3096910
19.0279728
21.7462546
24.4645365
27.1828183
29.9011001
32.6193819
35.3376638
38.0559456
40.7742274
43.4925093
46.2107911
48.9290729
51.6473547
54.3656366
57.0839184
59.8022002
62.5204821
65.2387639
67.9570457
70.6753275
73.3936094
76.1118912
78.8301730
81.5484549
84.2667367
86.9850185
89.7033003
92.4215822
95.1398640
97.8581458
100.5764277
103.2947095
106.0129913
108.7312731
111.4495550
114.1678368
116.8861186
119.6044005
122.3226823
125.0409641
127.7592459
130.4775278
133.1958096
135.9140914
138.6323733
141.3506551
144.0689369
146.7872187
149.5055006
152.2237824
154.9420642
157.6603461
160.3786279
163.0969097
165.8151915
168.5334734
171.2517552
173.9700370
176.6883188
179.4066007
182.1248825
184.8431643
187.5614462
190.2797280
192.9980098
195.7162916
198.4345735
201.1528553
203.8711371
206.5894190
209.3077008
212.0259826
214.7442644
217.4625463
220.1808281
222.8991099
225.6173918
228.3356736
231.0539554
233.7722372
236.4905191
239.2088009
241.9270827
244.6453646
247.3636464
250.0819282
252.8002100
255.5184919
258.2367737
260.9550555
263.6733374
266.3916192
269.1099010
271.8281828
274.5464647
277.2647465
279.9830283
282.7013102
285.4195920
288.1378738
290.8561556
293.5744375
296.2927193
299.0110011
301.7292830
304.4475648
307.1658466
309.8841284
312.6024103
315.3206921
318.0389739
320.7572558
323.4755376
326.1938194
328.9121012
331.6303831
334.3486649
337.0669467
339.7852286
342.5035104
345.2217922
347.9400740
350.6583559
353.3766377
356.0949195
358.8132014
361.5314832
364.2497650
366.9680468
369.6863287
372.4046105
375.1228923
377.8411742
380.5594560
383.2777378
385.9960196
388.7143015
391.4325833
394.1508651
396.8691470
399.5874288
402.3057106
405.0239924
407.7422743
410.4605561
413.1788379
415.8971198
418.6154016
421.3336834
424.0519652
426.7702471
429.4885289
432.2068107
434.9250926
437.6433744
440.3616562
443.0799380
445.7982199
448.5165017
451.2347835
453.9530654
456.6713472
459.3896290
462.1079108
464.8261927
467.5444745
470.2627563
472.9810382
475.6993200
478.4176018
481.1358836
483.8541655
486.5724473
489.2907291
492.0090110
494.7272928
497.4455746
500.1638564
502.8821383
505.6004201
508.3187019
511.0369838
513.7552656
516.4735474
519.1918292
521.9101111
524.6283929
527.3466747
530.0649565
532.7832384
535.5015202
538.2198020
540.9380839
543.6563657
546.3746475
549.0929293
551.8112112
554.5294930
557.2477748
559.9660567
562.6843385
565.4026203
568.1209021
570.8391840
573.5574658
576.2757476
578.9940295
581.7123113
584.4305931
587.1488749
589.8671568
592.5854386
595.3037204
598.0220023
600.7402841
603.4585659
606.1768477
608.8951296
611.6134114
614.3316932
617.0499751
619.7682569
622.4865387
625.2048205
627.9231024
630.6413842
633.3596660
636.0779479
638.7962297
641.5145115
644.2327933
646.9510752
649.6693570
652.3876388
655.1059207
657.8242025
660.5424843
663.2607661
665.9790480
668.6973298
671.4156116
674.1338935
676.8521753
679.5704571
682.2887389
685.0070208
687.7253026
690.4435844
693.1618663
695.8801481
698.5984299
701.3167117
704.0349936
706.7532754
709.4715572
712.1898391
714.9081209
717.6264027
720.3446845
723.0629664
725.7812482
728.4995300
731.2178119
733.9360937
736.6543755
739.3726573
742.0909392
744.8092210
747.5275028
750.2457847
752.9640665
755.6823483
758.4006301
761.1189120
763.8371938
766.5554756
769.2737575
771.9920393
774.7103211
777.4286029
780.1468848
782.8651666
785.5834484
788.3017303
791.0200121
793.7382939
796.4565757
799.1748576
801.8931394
804.6114212
807.3297031
810.0479849
812.7662667
815.4845485
818.2028304
820.9211122
823.6393940
826.3576759
829.0759577
831.7942395
834.5125213
837.2308032
839.9490850
842.6673668
845.3856487
848.1039305
850.8222123
853.5404941
856.2587760
858.9770578
861.6953396
864.4136214
867.1319033
869.8501851
872.5684669
875.2867488
878.0050306
880.7233124
883.4415942
886.1598761
888.8781579
891.5964397
894.3147216
897.0330034
899.7512852
902.4695670
905.1878489
907.9061307
910.6244125
913.3426944
916.0609762
918.7792580
921.4975398
924.2158217
926.9341035
929.6523853
932.3706672
935.0889490
937.8072308
940.5255126
943.2437945
945.9620763
948.6803581
951.3986400
954.1169218
956.8352036
959.5534854
962.2717673
964.9900491
967.7083309
970.4266128
973.1448946
975.8631764
978.5814582
981.2997401
984.0180219
986.7363037
989.4545856
992.1728674
994.8911492
997.6094310
1000.3277129
1003.0459947
1005.7642765
1008.4825584
1011.2008402
1013.9191220
1016.6374038
1019.3556857
1022.0739675
1024.7922493
1027.5105312
1030.2288130
1032.9470948
1035.6653766
1038.3836585
1041.1019403
1043.8202221
1046.5385040
1049.2567858
1051.9750676
1054.6933494
1057.4116313
1060.1299131
1062.8481949
1065.5664768
1068.2847586
1071.0030404
1073.7213222
1076.4396041
1079.1578859
1081.8761677
1084.5944496
1087.3127314
1090.0310132
1092.7492950
1095.4675769
1098.1858587
1100.9041405
1103.6224224
1106.3407042
1109.0589860
1111.7772678
1114.4955497
1117.2138315
1119.9321133
1122.6503952
1125.3686770
1128.0869588
1130.8052406
1133.5235225
1136.2418043
1138.9600861
1141.6783680
1144.3966498
1147.1149316
1149.8332134
1152.5514953
1155.2697771
1157.9880589
1160.7063408
1163.4246226
1166.1429044
1168.8611862
1171.5794681
1174.2977499
1177.0160317
1179.7343136
1182.4525954
1185.1708772
1187.8891590
1190.6074409
1193.3257227
1196.0440045
1198.7622864
1201.4805682
1204.1988500
1206.9171318
1209.6354137
1212.3536955
1215.0719773
1217.7902591
1220.5085410
1223.2268228
1225.9451046
1228.6633865
1231.3816683
1234.0999501
1236.8182319
1239.5365138
1242.2547956
1244.9730774
1247.6913593
1250.4096411
1253.1279229
1255.8462047
1258.5644866
1261.2827684
1264.0010502
1266.7193321
1269.4376139
1272.1558957
1274.8741775
1277.5924594
1280.3107412
1283.0290230
1285.7473049
1288.4655867
1291.1838685
1293.9021503
1296.6204322
1299.3387140
1302.0569958
1304.7752777
1307.4935595
1310.2118413
1312.9301231
1315.6484050
1318.3666868
1321.0849686
1323.8032505
1326.5215323
1329.2398141
1331.9580959
1334.6763778
1337.3946596
1340.1129414
1342.8312233
1345.5495051
1348.2677869
1350.9860687
1353.7043506
1356.4226324
1359.1409142
1361.8591961
1364.5774779
1367.2957597
1370.0140415
1372.7323234
1375.4506052
1378.1688870
1380.8871689
1383.6054507
1386.3237325
1389.0420143
1391.7602962
1394.4785780
1397.1968598
1399.9151417
1402.6334235
1405.3517053
1408.0699871
1410.7882690
1413.5065508
1416.2248326
1418.9431145
1421.6613963
1424.3796781
1427.0979599
1429.8162418
1432.5345236
1435.2528054
1437.9710873
1440.6893691
1443.4076509
1446.1259327
1448.8442146
1451.5624964
1454.2807782
1456.9990601
1459.7173419
1462.4356237
1465.1539055
1467.8721874
1470.5904692
1473.3087510
1476.0270329
1478.7453147
1481.4635965
1484.1818783
1486.9001602
1489.6184420
1492.3367238
1495.0550057
1497.7732875
1500.4915693
1503.2098511
1505.9281330
1508.6464148
1511.3646966
1514.0829785
1516.8012603
1519.5195421
1522.2378239
1524.9561058
1527.6743876
1530.3926694
1533.1109513
1535.8292331
1538.5475149
1541.2657967
1543.9840786
1546.7023604
1549.4206422
1552.1389241
1554.8572059
1557.5754877
1560.2937695
1563.0120514
1565.7303332
1568.4486150
1571.1668968
1573.8851787
1576.6034605
1579.3217423
1582.0400242
1584.7583060
1587.4765878
1590.1948696
1592.9131515
1595.6314333
1598.3497151
1601.0679970
1603.7862788
1606.5045606
1609.2228424
1611.9411243
1614.6594061
1617.3776879
1620.0959698
1622.8142516
1625.5325334
1628.2508152
1630.9690971
1633.6873789
1636.4056607
1639.1239426
1641.8422244
1644.5605062
1647.2787880
1649.9970699
1652.7153517
1655.4336335
1658.1519154
1660.8701972
1663.5884790
1666.3067608
1669.0250427
1671.7433245
1674.4616063
1677.1798882
1679.8981700
1682.6164518
1685.3347336
1688.0530155
1690.7712973
1693.4895791
1696.2078610
1698.9261428
1701.6444246
1704.3627064
1707.0809883
1709.7992701
1712.5175519
1715.2358338
1717.9541156
1720.6723974
1723.3906792
1726.1089611
1728.8272429
1731.5455247
1734.2638066
1736.9820884
1739.7003702
1742.4186520
1745.1369339
1747.8552157
1750.5734975
1753.2917794
1756.0100612
1758.7283430
1761.4466248
1764.1649067
1766.8831885
1769.6014703
1772.3197522
1775.0380340
1777.7563158
1780.4745976
1783.1928795
1785.9111613
1788.6294431
1791.3477250
1794.0660068
1796.7842886
1799.5025704
1802.2208523
1804.9391341
1807.6574159
1810.3756978
1813.0939796
1815.8122614
1818.5305432
1821.2488251
1823.9671069
1826.6853887
1829.4036706
1832.1219524
1834.8402342
1837.5585160
1840.2767979
1842.9950797
1845.7133615
1848.4316434
1851.1499252
1853.8682070
1856.5864888
1859.3047707
1862.0230525
1864.7413343
1867.4596162
1870.1778980
1872.8961798
1875.6144616
1878.3327435
1881.0510253
1883.7693071
1886.4875890
1889.2058708
1891.9241526
1894.6424344
1897.3607163
1900.0789981
1902.7972799
1905.5155617
1908.2338436
1910.9521254
1913.6704072
1916.3886891
1919.1069709
1921.8252527
1924.5435345
1927.2618164
1929.9800982
1932.6983800
1935.4166619
1938.1349437
1940.8532255
1943.5715073
1946.2897892
1949.0080710
1951.7263528
1954.4446347
1957.1629165
1959.8811983
1962.5994801
1965.3177620
1968.0360438
1970.7543256
1973.4726075
1976.1908893
1978.9091711
1981.6274529
1984.3457348
1987.0640166
1989.7822984
1992.5005803
1995.2188621
1997.9371439
2000.6554257
2003.3737076
2006.0919894
2008.8102712
2011.5285531
2014.2468349
2016.9651167
2019.6833985
2022.4016804
2025.1199622
2027.8382440
2030.5565259
2033.2748077
2035.9930895
2038.7113713
2041.4296532
2044.1479350
2046.8662168
2049.5844987
2052.3027805
2055.0210623
2057.7393441
2060.4576260
2063.1759078
2065.8941896
2068.6124715
2071.3307533
2074.0490351
2076.7673169
2079.4855988
2082.2038806
2084.9221624
2087.6404443
2090.3587261
2093.0770079
2095.7952897
2098.5135716
2101.2318534
2103.9501352
2106.6684171
2109.3866989
2112.1049807
2114.8232625
2117.5415444
2120.2598262
2122.9781080
2125.6963899
2128.4146717
2131.1329535
2133.8512353
2136.5695172
2139.2877990
2142.0060808
2144.7243627
2147.4426445
2150.1609263
2152.8792081
2155.5974900
2158.3157718
2161.0340536
2163.7523355
2166.4706173
2169.1888991
2171.9071809
2174.6254628
2177.3437446
2180.0620264
2182.7803083
2185.4985901
2188.2168719
2190.9351537
2193.6534356
2196.3717174
2199.0899992
2201.8082811
2204.5265629
2207.2448447
2209.9631265
2212.6814084
2215.3996902
2218.1179720
2220.8362539
2223.5545357
2226.2728175
2228.9910993
2231.7093812
2234.4276630
2237.1459448
2239.8642267
2242.5825085
2245.3007903
2248.0190721
2250.7373540
2253.4556358
2256.1739176
2258.8921994
2261.6104813
2264.3287631
2267.0470449
2269.7653268
2272.4836086
2275.2018904
2277.9201722
2280.6384541
2283.3567359
2286.0750177
2288.7932996
2291.5115814
2294.2298632
2296.9481450
2299.6664269
2302.3847087
2305.1029905
2307.8212724
2310.5395542
2313.2578360
2315.9761178
2318.6943997
2321.4126815
2324.1309633
2326.8492452
2329.5675270
2332.2858088
2335.0040906
2337.7223725
2340.4406543
2343.1589361
2345.8772180
2348.5954998
2351.3137816
2354.0320634
2356.7503453
2359.4686271
2362.1869089
2364.9051908
2367.6234726
2370.3417544
2373.0600362
2375.7783181
2378.4965999
2381.2148817
2383.9331636
2386.6514454
2389.3697272
2392.0880090
2394.8062909
2397.5245727
2400.2428545
2402.9611364
2405.6794182
2408.3977000
2411.1159818
2413.8342637
2416.5525455
2419.2708273
2421.9891092
2424.7073910
2427.4256728
2430.1439546
2432.8622365
2435.5805183
2438.2988001
2441.0170820
2443.7353638
2446.4536456
2449.1719274
2451.8902093
2454.6084911
2457.3267729
2460.0450548
2462.7633366
2465.4816184
2468.1999002
2470.9181821
2473.6364639
2476.3547457
2479.0730276
2481.7913094
2484.5095912
2487.2278730
2489.9461549
2492.6644367
2495.3827185
2498.1010004
2500.8192822
2503.5375640
2506.2558458
2508.9741277
2511.6924095
2514.4106913
2517.1289732
2519.8472550
2522.5655368
2525.2838186
2528.0021005
2530.7203823
2533.4386641
2536.1569460
2538.8752278
2541.5935096
2544.3117914
2547.0300733
2549.7483551
2552.4666369
2555.1849188
2557.9032006
2560.6214824
2563.3397642
2566.0580461
2568.7763279
2571.4946097
2574.2128916
2576.9311734
2579.6494552
2582.3677370
2585.0860189
2587.8043007
2590.5225825
2593.2408643
2595.9591462
2598.6774280
2601.3957098
2604.1139917
2606.8322735
2609.5505553
2612.2688371
2614.9871190
2617.7054008
2620.4236826
2623.1419645
2625.8602463
2628.5785281
2631.2968099
2634.0150918
2636.7333736
2639.4516554
2642.1699373
2644.8882191
2647.6065009
2650.3247827
2653.0430646
2655.7613464
2658.4796282
2661.1979101
2663.9161919
2666.6344737
2669.3527555
2672.0710374
2674.7893192
2677.5076010
2680.2258829
2682.9441647
2685.6624465
2688.3807283
2691.0990102
2693.8172920
2696.5355738
2699.2538557
2701.9721375
2704.6904193
2707.4087011
2710.1269830
2712.8452648
2715.5635466
2718.2818285
2721.0001103
2723.7183921
2726.4366739
2729.1549558
2731.8732376
2734.5915194
2737.3098013
2740.0280831
2742.7463649
2745.4646467
2748.1829286
2750.9012104
2753.6194922
2756.3377741
2759.0560559
2761.7743377
2764.4926195
2767.2109014
2769.9291832
2772.6474650
2775.3657469
2778.0840287
2780.8023105
